[1569795902.3546596,
1569796099.1159568,
1569796377.6116626,
1569796712.0561016,
1569797090.6249487,
1569797510.5814161,
1569797952.3521843,
1569798438.662941,
1569798946.219081,
1569799448.9896476,
1569799988.5581386,
1569800546.5620358,
1569801051.246864,
1569801650.0226326,
1569802179.9354968,
1569802759.8252802,
1569803354.2094493,
1569804226.246992,
1569804996.8969076,
1569805946.2379103,
1569806827.4475973,
1569807661.6207874,
1569808687.9421453,
1569809614.5864115,
1569810469.8761694,
1569811518.776718,
1569812493.5664766]
